1.062174031185255808e+04
1.518001404912830003e+04
2.169445116960708401e+04
3.100453069590493760e+04
4.430999042833687417e+04
6.332543043519200728e+04
9.050126395960184163e+04
1.293394884487640375e+05
1.848449683493408957e+05
2.641703839551202836e+05
3.775379572524055839e+05
5.395567324099979596e+05
7.711051614720758516e+05
1.102021593527351273e+06
1.574949375623576343e+06
2.250832062044823077e+06
3.216766868790977169e+06
4.597228403948888183e+06
6.570109013221041299e+06
9.389642770093770698e+06
5.250520425602727510e-07
7.347775078776349525e-07
2.570687961950409680e-07
1.798758543060148078e-07
8.810375436013429288e-07
9.687518977371306755e-07
1.848692339403927811e-06
1.854109368038561447e-06
1.629236601832312045e-06
1.245563622251452266e-06
1.122667116710962399e-06
6.821892181950964287e-07
3.941676006190627822e-07
2.049570919490825894e-07
8.498507747767896747e-08
3.468829663685812708e-08
1.213602561712949121e-08
6.672132154279942565e-09
1.273258883922729293e-09
8.909231026411984660e-10
