1.663639937456580453e+00
-4.738205017269853658e-01
3.489414373017626581e+00
5.540858088082728727e+00
9.208047185523722256e-01
5.365319821102765729e+00
5.363585523386387166e+00
-3.546489258484641915e+00
7.024465845166892874e-01
9.217213390914538174e-01
1.764137461174455579e+00
2.862101988264909913e+00
1.159288935006028698e+00
2.417536777494074141e+00
5.662323898631157704e+00
2.747524996314216317e+00
2.545288518002835065e+00
5.340865578414049963e+00
2.332191759789757679e+00
2.405635141481164974e-01
5.691528208562918856e+00
2.865247895977675441e+01
7.523735833557688713e-01
7.943270105500536360e+00
3.190847974158863121e+00
5.931645729554448909e-01
4.506208401875989367e+00
1.981117573476129934e+00
2.010304117575786087e+00
3.656236846618500458e+00
1.764141140851184446e+03
1.764366665325095255e+03
1.763596226322757047e+03
1.768162310455376428e+03
1.765738758434898955e+03
1.768292773757644227e+03
1.765734932019191547e+03
1.763435221596540032e+03
1.765931178175151217e+03
1.763668118513551690e+03
1.767884096937727463e+03
1.763044396184226571e+03
1.767609188597863067e+03
1.765584880655756479e+03
1.763292974495164344e+03
1.763692485288014723e+03
1.767701026817424463e+03
1.767712994613041246e+03
1.763731046390433676e+03
1.762982769606478996e+03
