7.140278124505596402e+00
7.504476643603056552e+00
2.189568157910805279e+00
1.983710533394868136e+00
1.066873253822987921e+00
2.527944297260112716e+00
-1.724199664877453575e+00
5.207568948114531082e+00
1.208390349298194444e+00
2.181441446889429425e+00
3.865200662176288660e+00
3.042172735346774015e+00
-4.142667831653147337e-01
6.804840622996054300e+00
3.472969306415069735e+00
3.616442570609216478e+00
1.882796644053760016e+00
1.574628532394376224e-01
1.657647875870318810e+00
2.625922286651915183e+00
6.962989890048962138e+01
7.220217793278575868e+01
6.894631804046535706e+01
7.219172155449430761e+01
6.827779070693667052e+01
7.156304243853732316e+01
6.993454147695717893e+01
7.101332872769688720e+01
6.731437674856491071e+01
6.773906624812873645e+01
7.227331959672847006e+01
7.133753513122925938e+01
