2.942645877173012181e+00
3.901375130022244786e+00
2.514033332261970788e+00
1.117688759235341722e+00
1.226718953168770332e+00
4.236374502390866659e-01
1.796991356847358889e-01
2.577468747520111236e+00
2.922785701108235656e+00
8.373734640892558367e-01
5.305613540596161304e-01
2.655203985510838471e+00
3.576711729130686912e+00
3.947734871400578438e+00
3.883856258073476120e+00
2.938659679824160431e+00
5.652020458712924800e+00
4.433718076136190511e+00
4.688720517842136282e+00
4.248099515310379992e+00
3.541121843493104215e+00
4.300321645561436590e+00
5.563402541889396424e+00
5.575886782982437673e+00
1.105770020782548269e+00
3.362804847806048159e+00
1.507989019191787461e-01
4.944706359389167361e+00
1.754516051552607925e+00
2.182537282153211411e+00
1.716348860619809624e+00
1.568093773341413977e+00
