5.573709012460009049e+00
2.088941483198750504e+00
4.038058063815809895e+00
3.253752463713230902e+00
3.851006016199467474e+00
2.787562228449974810e+00
2.937384783166581581e+00
2.115975763356521711e+00
2.834623538343306048e+00
6.256351367171104627e-01
6.512633415831485806e+00
4.206353961804479624e+00
6.143698710605555391e+00
-9.039980944640042815e-02
3.872674358316250842e+00
3.470960824475665674e-01
4.166804888127527917e+00
1.695421124436129690e+00
9.705158774957188816e-01
5.372391969695642366e+00
4.004142938368778992e+00
3.599009616159682512e+00
3.640395109773329363e+00
5.575111352562151623e+00
2.126290784648665610e+00
6.273413371314839004e+00
5.469060108639101081e+00
5.291300686681660537e+00
1.820844635368819464e+00
6.142101564484123699e+00
4.808446260149191964e+00
3.137432504768712604e+00
1.716881060569906081e+00
1.200059051500849794e+00
4.042973368537040812e+00
-6.288584406841396524e-02
5.865124410529558574e-01
5.174140222191015326e+00
5.490861900948122098e+00
1.820748854495927826e+00
1.694777151356817946e+00
4.320628770421350850e+00
2.138561628929750658e+00
1.817236318313525167e+00
4.233555470544469124e+00
3.400037102484889218e+00
1.884808695023671321e+00
7.989861806081652862e-01
4.439127551502211944e+00
5.609541345612883312e+00
3.606621440258888533e+00
-2.082806102440135365e-01
4.538105179701179104e+00
5.200893040774006160e+00
9.981395802712064169e-01
1.907918686527879659e+00
6.015137890878241578e+00
3.681329107457704808e+00
5.978458464819936813e-01
3.112404554339561980e+00
4.419195740610039280e+00
3.743352715014206744e+00
5.333503293453872196e+00
2.441705268159284348e+00
4.576644454728620026e+00
3.340194171845569659e+00
2.456894853960588154e+00
2.897617847460378204e+00
1.409198626664157628e+00
2.979901998237471261e+00
1.634950305751060595e+00
1.274465199443881314e-01
