5.046379306191224323e+00
3.756014756974439539e+00
3.069082250990581517e+00
1.678896480153750481e+00
3.417921828505284587e+00
1.355940703355984045e+00
5.687195799635383686e+00
5.635534084865691185e+00
2.165518453854116565e+00
1.817087231035509953e+00
1.047865118374199600e+00
4.905813152719445291e+00
2.008324231091263901e+00
5.574148367622563605e+00
5.263035091487035189e+00
1.679390705991552046e+00
3.196761499190412525e+00
2.131529037133702786e+00
3.672192651201844793e+00
2.766247173374081658e+00
1.466847097130803190e+00
1.489822355159647893e+00
3.678961549773817619e-01
7.079956767053587896e-01
1.089496419795014326e+00
4.804173990444002840e+00
4.266705126628680844e+00
9.183964869783556306e-01
2.701165280989405115e+00
1.561468051786581990e+00
4.122372545872210914e+00
5.479664600817926612e+00
2.003425484495628961e+00
1.143072198328164424e+00
2.761321267720662664e+00
4.922067581168020567e+00
3.413053470251647958e-01
5.407251429685641320e+00
4.962869073956781563e-01
4.511647785849918435e+00
4.846052526996389886e+00
4.155502568194919810e+00
5.803557356900662434e+00
2.345593499239253976e+00
1.321098204428228451e+00
5.206510647619045251e+00
2.818593586033646847e+00
4.052168209256131526e+00
4.268715876597742320e-01
5.229809242400231817e+00
