1.206719520039122351e+01
1.220271650685305787e+01
1.233975979288016411e+01
1.247834215114864520e+01
1.261848086629486865e+01
1.276019341707125321e+01
1.290349747852632412e+01
1.304841092420922699e+01
1.319495182839898995e+01
1.334313846835883943e+01
1.349298932661582029e+01
1.364452309326602553e+01
1.379775866830571474e+01
1.395271516398860001e+01
1.410941190720961558e+01
1.426786844191547843e+01
1.442810453154227801e+01
1.459014016148046977e+01
1.475399554156755144e+01
1.491969110860872227e+01
1.508724752892585741e+01
1.525668570093511356e+01
1.542802675775346444e+01
1.560129206983452832e+01
1.577650324763399681e+01
1.595368214430498277e+01
1.613285085842364808e+01
1.631403173674545215e+01
1.649724737699231625e+01
1.668252063067114932e+01
1.686987460592397170e+01
1.705933267041008250e+01
1.725091845422056380e+01
1.744465585282556574e+01
1.764056903005463184e+01
1.783868242111054769e+01
1.803902073561699382e+01
1.824160896070046078e+01
1.844647236410673585e+01
1.865363649735245133e+01
1.886312719891195400e+01
1.907497059744001078e+01
1.928919311503070588e+01
1.950582147051291670e+01
1.972488268278281609e+01
1.994640407417379180e+01
2.017041327386420946e+01
2.039693822132346313e+01
2.062600716979672200e+01
2.085764868982877118e+01
2.109189167282749722e+01
2.132876533466735935e+01
2.156829921933330851e+01
2.181052320260566191e+01
2.205546749578635612e+01
2.230316264946702276e+01
2.255363955733941239e+01
2.280692946004861454e+01
2.306306394908948931e+01
2.332207497074696079e+01
2.358399483008047426e+01
2.384885619495323539e+01
2.411669210010671094e+01
2.438753595128087071e+01
2.466142152938068932e+01
2.493838299468949060e+01
2.521845489112955363e+01
2.550167215057058812e+01
2.578807009718660481e+01
2.607768445186173167e+01
2.637055133664546247e+01
2.666670727925797735e+01
2.696618921764604693e+01
2.726903450459010969e+01
2.757528091236306977e+01
2.788496663744145465e+01
2.819813030526944075e+01
2.851481097507639362e+01
2.883504814474854072e+01
2.915888175575530994e+01
2.948635219813101571e+01
2.981750031551250757e+01
3.015236741023336364e+01
3.049099524847531129e+01
3.083342606547750719e+01
3.117970257080432361e+01
3.152986795367223394e+01
3.188396588833664325e+01
3.224204053953909010e+01
3.260413656801571136e+01
3.297029913606750284e+01
3.334057391319323216e+01
3.371500708178544414e+01
3.409364534289068160e+01
3.447653592203415229e+01
3.486372657510993633e+01
3.525526559433736651e+01
3.565120181428420665e+01
3.605158461795755898e+01
3.645646394296314696e+01
3.686589028773371979e+01
3.727991471782749500e+01
3.769858887229728595e+01
3.812196497013117380e+01
3.855009581676544173e+01
3.898303481067080156e+01
3.942083595001244589e+01
3.986355383938496288e+01
4.031124369662286711e+01
4.076396135968766998e+01
4.122176329363214364e+01
4.168470659764303576e+01
4.215284901216267599e+01
4.262624892609060367e+01
4.310496538406618328e+01
4.358905809383286112e+01
4.407858743368522880e+01
4.457361445999963934e+01
4.507420091484951286e+01
4.558040923370604247e+01
4.609230255322545133e+01
4.660994471912369619e+01
4.713340029413956245e+01
4.766273456608730896e+01
4.819801355599959436e+01
4.873930402636197101e+01
4.928667348943977800e+01
4.984019021569859831e+01
5.039992324231929643e+01
5.096594238180863812e+01
5.153831823070661500e+01
5.211712217839154704e+01
5.270242641598419198e+01
5.329430394535169313e+01
5.389282858821270850e+01
5.449807499534478694e+01
5.511011865589523495e+01
5.572903590679637631e+01
5.635490394228673239e+01
5.698780082353901832e+01
5.762780548839621275e+01
5.827499776121722164e+01
5.892945836283279704e+01
5.959126892061350134e+01
6.026051197865057674e+01
6.093727100805129027e+01
6.162163041734983437e+01
6.231367556303512600e+01
6.301349276019688261e+01
6.372116929329119728e+01
6.443679342702715473e+01
6.516045441737550448e+01
6.589224252270120985e+01
6.663224901502073294e+01
6.738056619138605186e+01
6.813728738539630569e+01
6.890250697883877251e+01
6.967632041346071503e+01
7.045882420287314574e+01
7.125011594458861452e+01
7.205029433219394264e+01
7.285945916765979291e+01
7.367771137378834112e+01
7.450515300680096686e+01
7.534188726906708666e+01
7.618801852197606195e+01
7.704365229895365985e+01
7.790889531862463002e+01
7.878385549812317379e+01
7.966864196655288310e+01
8.056336507859781193e+01
8.146813642828637114e+01
8.238306886290999387e+01
8.330827649709783600e+01
8.424387472704975721e+01
8.518998024492910304e+01
8.614671105341692225e+01
8.711418648043003543e+01
8.809252719400406306e+01
8.908185521734368706e+01
9.008229394404192192e+01
9.109396815347044196e+01
9.211700402634261309e+01
9.315152916045127540e+01
9.419767258658337994e+01
9.525556478461329846e+01
9.632533769977689531e+01
9.740712475912835089e+01
9.850106088818179728e+01
9.960728252773978397e+01
1.007259276509109611e+02
1.018571357803186288e+02
1.030010480055026392e+02
1.041578070005168115e+02
1.053275570417237503e+02
1.065104440257897949e+02
1.077066154878820896e+02
1.089162206200695380e+02
1.101394102899307370e+02
1.113763370593712096e+02
0.000000000000000000e+00
0.000000000000000000e+00
0.000000000000000000e+00
0.000000000000000000e+00
0.000000000000000000e+00
0.000000000000000000e+00
0.000000000000000000e+00
0.000000000000000000e+00
0.000000000000000000e+00
0.000000000000000000e+00
0.000000000000000000e+00
0.000000000000000000e+00
0.000000000000000000e+00
6.418772589076659303e-04
0.000000000000000000e+00
0.000000000000000000e+00
0.000000000000000000e+00
0.000000000000000000e+00
0.000000000000000000e+00
1.800827610689489933e-03
0.000000000000000000e+00
0.000000000000000000e+00
0.000000000000000000e+00
0.000000000000000000e+00
0.000000000000000000e+00
3.368224519996742671e-03
0.000000000000000000e+00
0.000000000000000000e+00
0.000000000000000000e+00
0.000000000000000000e+00
0.000000000000000000e+00
7.349820201959232288e-03
0.000000000000000000e+00
0.000000000000000000e+00
0.000000000000000000e+00
0.000000000000000000e+00
1.241188573237976198e-02
0.000000000000000000e+00
0.000000000000000000e+00
0.000000000000000000e+00
0.000000000000000000e+00
1.220731604637641937e-02
0.000000000000000000e+00
0.000000000000000000e+00
0.000000000000000000e+00
1.526599170638457022e-02
0.000000000000000000e+00
0.000000000000000000e+00
0.000000000000000000e+00
0.000000000000000000e+00
2.632612112595533391e-02
0.000000000000000000e+00
0.000000000000000000e+00
0.000000000000000000e+00
3.573362885022688534e-02
0.000000000000000000e+00
0.000000000000000000e+00
0.000000000000000000e+00
3.494911831834271454e-02
0.000000000000000000e+00
0.000000000000000000e+00
0.000000000000000000e+00
4.084939833068919335e-02
0.000000000000000000e+00
0.000000000000000000e+00
5.925518680735785554e-02
0.000000000000000000e+00
0.000000000000000000e+00
0.000000000000000000e+00
7.246430765146978648e-02
0.000000000000000000e+00
0.000000000000000000e+00
6.144164979808018623e-02
0.000000000000000000e+00
0.000000000000000000e+00
7.515475199136910367e-02
0.000000000000000000e+00
0.000000000000000000e+00
0.000000000000000000e+00
8.047132353583215381e-02
0.000000000000000000e+00
0.000000000000000000e+00
8.405735825206051004e-02
0.000000000000000000e+00
9.643329745000538133e-02
0.000000000000000000e+00
0.000000000000000000e+00
9.269414904024331214e-02
0.000000000000000000e+00
0.000000000000000000e+00
9.480107395629196188e-02
0.000000000000000000e+00
0.000000000000000000e+00
9.798195724431435494e-02
0.000000000000000000e+00
9.068002189047302819e-02
0.000000000000000000e+00
0.000000000000000000e+00
8.272382224922614213e-02
0.000000000000000000e+00
9.158563095025834544e-02
0.000000000000000000e+00
0.000000000000000000e+00
8.433927985916414571e-02
0.000000000000000000e+00
8.063845319262968880e-02
0.000000000000000000e+00
8.020527282017468618e-02
0.000000000000000000e+00
0.000000000000000000e+00
7.386914455830391468e-02
0.000000000000000000e+00
7.266242554398000264e-02
0.000000000000000000e+00
6.295439369100012950e-02
0.000000000000000000e+00
5.932884597443466995e-02
0.000000000000000000e+00
5.742229214050707797e-02
0.000000000000000000e+00
4.566150020511416247e-02
0.000000000000000000e+00
4.598300107587090235e-02
0.000000000000000000e+00
4.366660630200241977e-02
4.152788694560560073e-02
0.000000000000000000e+00
3.683705374376002040e-02
0.000000000000000000e+00
3.233318460768212083e-02
0.000000000000000000e+00
2.560451533443575470e-02
0.000000000000000000e+00
2.655137461835091819e-02
2.409615464184658440e-02
0.000000000000000000e+00
2.112626504328610211e-02
1.767754180537962558e-02
0.000000000000000000e+00
1.901578201926001563e-02
0.000000000000000000e+00
1.429260530981749967e-02
1.155026266585546142e-02
0.000000000000000000e+00
1.159237718097037503e-02
1.410908824599787191e-02
0.000000000000000000e+00
8.623401347641904136e-03
8.385504121695214891e-03
8.011278634669187146e-03
0.000000000000000000e+00
6.047547524488418313e-03
6.116302313299677544e-03
5.241925601351213326e-03
0.000000000000000000e+00
4.994700764923839902e-03
3.509453223470127871e-03
3.984622692899206925e-03
0.000000000000000000e+00
3.016729596593122672e-03
3.356129596184326529e-03
2.704253842315323605e-03
2.187998882459943686e-03
0.000000000000000000e+00
1.664187511591697088e-03
2.468557989667761934e-03
1.162448858087444369e-03
1.724308346399947922e-03
1.023095081655971605e-03
1.011732760649573922e-03
7.781640437349840846e-04
0.000000000000000000e+00
8.696865205332954436e-04
5.375174556691774633e-04
2.126191510729334786e-04
3.153867580916631941e-04
7.277296275140435330e-04
7.196475853051377070e-04
2.033300859687433475e-04
2.010719364101501178e-04
1.988388654788054673e-04
1.966305946556531621e-04
4.861171212873817166e-04
0.000000000000000000e+00
1.901518438377202964e-04
9.402002480412679488e-05
0.000000000000000000e+00
1.838865603707521277e-04
3.636886946404266460e-04
0.000000000000000000e+00
8.891385537613380918e-05
0.000000000000000000e+00
0.000000000000000000e+00
8.598424661279176076e-05
8.502932010692153535e-05
0.000000000000000000e+00
0.000000000000000000e+00
0.000000000000000000e+00
2.439434859930327015e-04
0.000000000000000000e+00
1.309604734003830728e+01
1.329027613026351951e+01
1.348738554713682092e+01
1.368741831352064686e+01
1.389041778590448395e+01
1.409642796380225960e+01
1.430549349928910097e+01
1.451765970667954164e+01
1.473297257234924018e+01
1.495147876470240789e+01
1.517322564428703657e+01
1.539826127406015033e+01
1.562663442980530348e+01
1.585839461070457723e+01
1.609359205006738947e+01
1.633227772621839691e+01
1.657450337354690362e+01
1.682032149372012597e+01
1.706978536706275662e+01
1.732294906410532676e+01
1.757986745730382694e+01
1.784059623293313734e+01
1.810519190315686444e+01
1.837371181827616695e+01
1.864621417916027468e+01
1.892275804986132925e+01
1.920340337041636758e+01
1.948821096983909840e+01
1.977724257930443841e+01
2.007056084552854003e+01
2.036822934434729149e+01
2.067031259449616343e+01
2.097687607159445378e+01
2.128798622233693294e+01
2.160371047889596241e+01
2.192411727353720607e+01
2.224927605345212456e+01
2.257925729581041452e+01
2.291413252303574666e+01
2.325397431830802475e+01
2.359885634129557275e+01
2.394885334412062861e+01
2.430404118756164067e+01
2.466449685749586251e+01
2.503029848158581672e+01
2.540152534621321223e+01
2.577825791366402797e+01
2.616057783956847160e+01
2.654856799059956529e+01
2.694231246243428757e+01
2.734189659798101601e+01
2.774740700587735986e+01
2.815893157926229406e+01
2.857655951482674794e+01
2.900038133214673053e+01
2.943048889330313145e+01
2.986697542279258144e+01
3.030993552773354338e+01
3.075946521837213865e+01
3.121566192889207869e+01
3.167862453853320304e+01
3.214845339302328853e+01
3.262525032632761679e+01
3.310911868272122405e+01
3.360016333918846954e+01
3.409849072815474358e+01
3.460420886055543832e+01
3.511742734924689557e+01
3.563825743276475322e+01
3.616681199943450054e+01
3.670320561183971364e+01
3.724755453165310826e+01
3.779997674483590941e+01
3.836059198721095242e+01
3.892952177041506445e+01
3.950688940823636131e+01
4.009282004334206562e+01
4.068744067440285050e+01
4.129088018361939305e+01
4.190326936465720564e+01
4.252474095099577056e+01
4.315542964469808851e+01
4.379547214560695778e+01
4.444500718097422265e+01
4.510417553552954217e+01
4.577312008199494642e+01
4.645198581205217891e+01
4.714091986776912080e+01
4.784007157349238071e+01
4.854959246821297114e+01
4.926963633841177881e+01
5.000035925139246018e+01
5.074191958910849820e+01
5.149447808249194480e+01
5.225819784629145204e+01
5.303324441442681092e+01
5.381978577586799872e+01
5.461799241104625224e+01
5.542803732880508960e+01
5.625009610389961523e+01
5.708434691505163983e+01
5.793097058356948992e+01
5.879015061254045094e+01
5.966207322660442003e+01
6.054692741231764330e+01
6.144490495911488637e+01
6.235620050087924682e+01
6.328101155812846201e+01
6.421953858082680711e+01
6.517198499183214722e+01
6.613855723098703265e+01
6.711946479986406189e+01
6.811492030717465695e+01
6.912513951485128416e+01
7.015034138481333059e+01
7.119074812642625716e+01
7.224658524466494214e+01
7.331808158899114858e+01
7.440546940295588740e+01
7.550898437453761858e+01
7.662886568722672109e+01
7.776535607186796994e+01
7.891870185927162140e+01
8.008915303360477367e+01
8.127696328657485481e+01
8.248239007241633658e+01
8.370569466369329348e+01
8.494714220792940296e+01
8.620700178507772193e+01
8.748554646584318562e+01
8.878305337086956683e+01
9.009980373080479410e+01
9.143608294725669339e+01
9.279218065465286713e+01
9.416839078301821075e+01
9.556501162168319752e+01
9.698234588393727051e+01
9.842070077264105521e+01
9.988038804681150395e+01
1.013617240891948228e+02
1.028650299748414056e+02
1.043906315406979246e+02
1.059388594562314694e+02
1.075100492951009983e+02
1.091045416078921590e+02
1.107226819959304152e+02
1.123648211861891326e+02
1.140313151073085294e+02
1.157225249667421565e+02
1.174388173290475521e+02
1.191805641953377943e+02
1.209481430839118872e+02
1.227419371120805351e+02
1.245623350792055248e+02
1.264097315509710739e+02
1.282845269449045702e+02
1.301871276171658280e+02
1.321179459506236071e+02
1.340774004442383500e+02
1.360659158037705367e+02
1.380839230338340826e+02
1.401318595313157687e+02
1.422101691801794630e+02
1.443193024476763355e+02
1.464597164819827242e+02
1.486318752112852621e+02
1.508362494443359481e+02
1.530733169724985885e+02
1.553435626733087815e+02
1.576474786155692414e+02
1.599855641660042807e+02
1.623583260974963309e+02
1.647662786989272945e+02
1.672099438866486310e+02
1.696898513176058998e+02
1.722065385041397860e+02
1.747605509304901261e+02
1.773524421710283434e+02
1.799827740102430482e+02
1.826521165645046096e+02
1.853610484056362964e+02
1.881101566863183621e+02
1.909000372673511947e+02
1.937312948468062359e+02
1.966045430910927792e+02
1.995204047679682162e+02
2.024795118815206649e+02
2.054825058091542758e+02
2.085300374406060939e+02
2.116227673190237226e+02
2.147613657841362453e+02
2.179465131175487045e+02
2.211788996901908888e+02
2.244592261119525460e+02
2.277882033835392690e+02
2.311665530505794095e+02
2.345950073600164671e+02
2.380743094188219118e+02
2.416052133550614371e+02
2.451884844813493487e+02
3.630624373608886714e-03
0.000000000000000000e+00
0.000000000000000000e+00
0.000000000000000000e+00
0.000000000000000000e+00
2.409264287822854463e-03
0.000000000000000000e+00
0.000000000000000000e+00
0.000000000000000000e+00
4.088668273175870109e-03
0.000000000000000000e+00
0.000000000000000000e+00
0.000000000000000000e+00
0.000000000000000000e+00
4.220564355477623465e-03
0.000000000000000000e+00
0.000000000000000000e+00
0.000000000000000000e+00
5.968795696386648697e-03
0.000000000000000000e+00
0.000000000000000000e+00
0.000000000000000000e+00
6.752939951069213305e-03
0.000000000000000000e+00
0.000000000000000000e+00
5.743267722739640521e-03
0.000000000000000000e+00
0.000000000000000000e+00
0.000000000000000000e+00
8.460655569229542927e-03
0.000000000000000000e+00
0.000000000000000000e+00
1.003793540332169332e-02
0.000000000000000000e+00
0.000000000000000000e+00
1.363182729260583974e-02
0.000000000000000000e+00
0.000000000000000000e+00
1.363571534262571910e-02
0.000000000000000000e+00
0.000000000000000000e+00
1.588279087519652369e-02
0.000000000000000000e+00
0.000000000000000000e+00
1.736750612269885585e-02
0.000000000000000000e+00
0.000000000000000000e+00
2.103106189529737116e-02
0.000000000000000000e+00
2.596724475094839071e-02
0.000000000000000000e+00
0.000000000000000000e+00
2.798113532455085567e-02
0.000000000000000000e+00
2.623238811993040820e-02
0.000000000000000000e+00
2.547125204215621580e-02
0.000000000000000000e+00
0.000000000000000000e+00
3.503296075914511670e-02
0.000000000000000000e+00
2.514261191727893557e-02
0.000000000000000000e+00
3.323463466563641305e-02
0.000000000000000000e+00
3.007913243563680242e-02
0.000000000000000000e+00
3.404187638729250925e-02
0.000000000000000000e+00
3.080045517228520435e-02
0.000000000000000000e+00
3.264215190602484662e-02
3.342296135125256279e-02
0.000000000000000000e+00
3.332558745393835592e-02
0.000000000000000000e+00
3.100330553424975044e-02
0.000000000000000000e+00
3.174875383285321456e-02
3.598558614001455547e-02
0.000000000000000000e+00
3.037703485481536153e-02
3.070856289662213592e-02
0.000000000000000000e+00
3.026933109956880807e-02
2.967857154436537304e-02
0.000000000000000000e+00
2.896153123629492329e-02
3.095196232330293951e-02
0.000000000000000000e+00
2.467727435208127984e-02
2.662603274679266330e-02
2.757552838102431472e-02
0.000000000000000000e+00
2.573559874617897814e-02
2.151714270352860642e-02
2.170750937851815762e-02
2.437495674977905105e-02
0.000000000000000000e+00
2.415072885658638840e-02
1.844328071962550789e-02
2.063599330065075260e-02
1.686831871760694976e-02
1.867106205783541917e-02
0.000000000000000000e+00
1.492352463633397387e-02
1.263577429004788741e-02
1.502720247352669347e-02
1.258645118392160735e-02
1.490385455994176073e-02
1.355634864419216941e-02
1.204264798313993585e-02
1.007169663537984573e-02
1.208627873518123945e-02
9.488985915806047444e-03
8.300785872992448924e-03
8.743576997738786855e-03
8.893724154612843782e-03
9.676638558070738486e-03
1.700147849612954759e-02
8.864027980703534024e-03
6.114140161170991163e-03
6.627264552705272073e-03
5.767116532264562369e-03
5.181407337469299754e-03
1.103486632770509651e-02
5.923677008910591471e-03
4.477780175751704637e-03
4.333548523135007102e-03
7.919310626278408191e-03
3.901787511624912452e-03
3.467827625250249728e-03
6.240008601169634052e-03
3.952809585744104098e-03
3.534389808801529417e-03
5.543948674130523904e-03
1.891013348000209144e-03
4.278866647303548529e-03
2.176172272819880491e-03
3.350576441376422031e-03
1.386676172134764439e-03
2.732821593409392232e-03
1.859371714870157281e-03
2.779886923829394570e-03
1.431886261573859630e-03
2.024421113372398481e-03
1.934385947233351923e-03
9.530580738344797713e-04
2.523911193640254649e-03
1.735134323631598455e-03
9.118807774299437759e-04
3.369578361082511899e-04
1.383472563580421437e-03
6.543619232724606598e-04
7.522653214638878524e-04
9.001153325247626593e-04
7.304382474816720119e-04
5.655283581372842977e-04
7.092444888272014152e-04
6.489593865144613382e-04
3.443328348878846659e-04
2.908291141727028573e-04
9.552627825377492702e-05
1.411953352173536235e-04
3.246409989911887718e-04
2.741970692150172938e-04
1.350949281920082437e-04
4.437353439614723206e-04
8.745008777860504765e-05
2.154301532590511365e-04
2.547381370770521419e-04
1.673435359695002271e-04
1.236734388149155633e-04
1.218660314918126587e-04
8.005669217185903464e-05
2.761035038720918190e-04
0.000000000000000000e+00
7.659780731140178279e-05
7.547837989678378803e-05
1.115629682847754938e-04
7.328836510405691213e-05
0.000000000000000000e+00
3.558094693453839227e-05
3.506095440688932130e-05
6.909712246744934146e-05
0.000000000000000000e+00
3.354613033533005334e-05
3.305587533626876785e-05
0.000000000000000000e+00
0.000000000000000000e+00
0.000000000000000000e+00
0.000000000000000000e+00
0.000000000000000000e+00
0.000000000000000000e+00
0.000000000000000000e+00
2.938316121504336276e-05
0.000000000000000000e+00
2.853060505517331509e-05
0.000000000000000000e+00
2.770278592071370814e-05
1.110326763850863152e+01
1.131272043649835979e+01
1.152612436635431337e+01
1.174355396249748651e+01
1.196508516537127953e+01
1.219079534796479081e+01
1.242076334283646766e+01
1.265506946964751123e+01
1.289379556321469167e+01
1.313702500209234536e+01
1.338484273769354260e+01
1.363733532396060433e+01
1.389459094759532753e+01
1.415669945885945147e+01
1.442375240295619321e+01
1.469584305200372221e+01
1.497306643761181277e+01
1.525551938407299879e+01
1.554330054217987822e+01
1.583651042368032158e+01
1.613525143638267778e+01
1.643962791992316497e+01
1.674974618220802114e+01
1.706571453654307646e+01
1.738764333946375018e+01
1.771564502927867224e+01
1.804983416534038909e+01
1.839032746805690266e+01
1.873724385965793005e+01
1.909070450573025468e+01
1.945083285753655389e+01
1.981775469513253896e+01
2.019159817129746415e+01
2.057249385629336302e+01
2.096057478346859426e+01
2.135597649572167356e+01
2.175883709284158485e+01
2.216929727974117270e+01
2.258750041560033495e+01
2.301359256393632791e+01
2.344772254361855346e+01
2.389004198084572295e+01
2.434070536210349545e+01
2.479987008812111782e+01
2.526769652884595629e+01
2.574434807945497994e+01
2.622999121742293482e+01
2.672479556066699047e+01
2.722893392678828661e+01
2.774258239343096832e+01
2.826592035977987294e+01
2.879913060921829526e+01
2.934239937316773350e+01
2.989591639613193408e+01
3.045987500196789455e+01
3.103447216140703446e+01
3.161990856085008517e+01
3.221638867245973614e+01
3.282412082557549127e+01
3.344331727947572119e+01
3.407419429751231377e+01
3.471697222264374716e+01
3.537187555439313513e+01
3.603913302725787560e+01
3.671897769059854255e+01
3.741164699003473260e+01
3.811738285037640850e+01
3.883643176011965181e+01
3.956904485753634049e+01
4.031547801838782874e+01
4.107599194529331044e+01
4.185085225878395931e+01
4.264032959007473522e+01
4.344469967558634238e+01
4.426424345325008858e+01
4.509924716062960925e+01
4.595000243489344882e+01
4.681680641467358583e+01
4.769996184384542204e+01
4.859977717726548008e+01
4.951656668850371545e+01
5.045065057960815125e+01
5.140235509294008409e+01
5.237201262511898392e+01
5.335996184311675705e+01
5.436654780254222175e+01
5.539212206815673056e+01
5.643704283666325949e+01
5.750167506181180244e+01
5.858639058186481918e+01
5.969156824946708184e+01
6.081759406396551526e+01
6.196486130622502486e+01
6.313377067598760561e+01
6.432473043182247352e+01
6.553815653371638916e+01
6.677447278835363420e+01
6.803411099713667909e+01
6.931751110699910612e+01
7.062512136406350294e+01
7.195739847019784463e+01
7.331480774252528931e+01
7.469782327594293747e+01
7.610692810870638425e+01
7.754261439113781762e+01
7.900538355751665165e+01
8.049574650121277841e+01
8.201422375312343149e+01
8.356134566347620307e+01
8.513765258706152395e+01
8.674369507195947904e+01
8.838003405182668359e+01
9.004724104181049427e+01
9.174589833815899453e+01
9.347659922159638768e+01
9.523994816453492263e+01
9.703656104219567169e+01
9.886706534771190036e+01
1.007321004112901051e+02
1.026323176235053865e+02
1.045683806628091190e+02
1.065409657273282278e+02
1.085507617710372159e+02
1.105984707443854234e+02
1.126848078394631472e+02
1.148105017397932102e+02
1.169762948748341529e+02
1.191829436792844206e+02
1.214312188572779974e+02
1.237219056515643985e+02
1.260558041177660300e+02
1.284337294038089681e+02
1.308565120346252968e+02
1.333249982022260838e+02
1.358400500612464441e+02
1.384025460300651673e+02
1.410133810976050768e+02
1.436734671359212427e+02
1.463837332186855349e+02
1.491451259456787000e+02
1.519586097734043904e+02
1.548251673519393421e+02
1.577457998681385618e+02
1.607215273953142685e+02
1.637533892495110877e+02
1.668424443525022411e+02
1.699897716016335778e+02
1.731964702466442816e+02
1.764636602735955080e+02
1.797924827960414973e+02
1.831841004535807542e+02
1.866396978179245423e+02
1.901604818066255405e+02
1.937476821046111866e+02
1.974025515936695570e+02
2.011263667900363430e+02
2.049204282902364014e+02
2.087860612253359136e+02
2.127246157237640887e+02
2.167374673828651339e+02
2.208260177493451408e+02
2.249916948087826256e+02
2.292359534843736242e+02
2.335602761450849698e+02
2.379661731233923092e+02
2.424551832427860916e+02
2.470288743552283108e+02
2.516888438887471295e+02
2.564367194053620551e+02
2.612741591695337320e+02
2.662028527273360510e+02
2.712245214965557807e+02
2.763409193679223677e+02
2.815538333176793344e+02
2.868650840317117172e+02
2.922765265414474811e+02
2.977900508717543175e+02
3.034075827010574926e+02
3.091310840339112929e+02
3.149625538862579219e+02
3.209040289836129887e+02
3.269575844724208764e+02
3.331253346448295929e+02
3.394094336771387930e+02
3.458120763821772243e+02
3.523354989758719285e+02
3.589819798582796011e+02
3.657538404093512554e+02
3.726534457997079812e+02
3.796832058167104265e+02
3.868455757061119016e+02
3.941430570295897269e+02
4.015781985384510904e+02
4.091535970638217350e+02
4.168718984236269307e+02
4.247357983466811788e+02
4.327480434142116223e+02
4.409114320191414436e+02
4.492288153434682840e+02
4.577030983540811349e+02
1.445750035556900726e-03
0.000000000000000000e+00
0.000000000000000000e+00
0.000000000000000000e+00
0.000000000000000000e+00
0.000000000000000000e+00
0.000000000000000000e+00
0.000000000000000000e+00
8.299883203240714493e-04
0.000000000000000000e+00
0.000000000000000000e+00
0.000000000000000000e+00
1.925515433033714828e-03
0.000000000000000000e+00
0.000000000000000000e+00
0.000000000000000000e+00
0.000000000000000000e+00
0.000000000000000000e+00
0.000000000000000000e+00
0.000000000000000000e+00
3.647873025325793807e-03
0.000000000000000000e+00
0.000000000000000000e+00
2.821894661743822204e-03
0.000000000000000000e+00
0.000000000000000000e+00
4.150281790325156470e-03
0.000000000000000000e+00
0.000000000000000000e+00
5.325426692847899136e-03
0.000000000000000000e+00
5.130053778749082451e-03
0.000000000000000000e+00
0.000000000000000000e+00
4.339787843495407534e-03
0.000000000000000000e+00
0.000000000000000000e+00
6.275440066141298352e-03
0.000000000000000000e+00
4.882673001619306820e-03
0.000000000000000000e+00
9.183108362858315166e-03
0.000000000000000000e+00
7.767403390162481297e-03
0.000000000000000000e+00
0.000000000000000000e+00
7.955898377984072303e-03
0.000000000000000000e+00
8.253561992866148209e-03
8.293623887008525625e-03
0.000000000000000000e+00
8.732553314966775421e-03
0.000000000000000000e+00
9.307096965623620072e-03
0.000000000000000000e+00
1.051739626267554628e-02
0.000000000000000000e+00
1.262291045637863561e-02
1.190015238893541404e-02
0.000000000000000000e+00
1.240578530874824129e-02
1.356324465029032887e-02
0.000000000000000000e+00
1.128397259536696035e-02
1.588395624109526644e-02
0.000000000000000000e+00
1.263403863233450442e-02
1.432902973649121010e-02
0.000000000000000000e+00
1.313972107692911243e-02
1.263590754457755497e-02
1.444763969346789939e-02
1.229782441704365889e-02
0.000000000000000000e+00
1.305549897412178716e-02
1.554263931062723966e-02
1.409037647180329950e-02
1.394378927231523790e-02
1.390997722269054007e-02
1.420293820604756792e-02
0.000000000000000000e+00
1.293945024591700715e-02
1.311626833584151990e-02
1.348644335506735993e-02
1.253479593180127118e-02
1.190902971326116173e-02
1.023954425458167145e-02
1.251504590174408460e-02
2.335694244874903652e-02
1.205590879800967803e-02
1.066735473936074145e-02
1.099774239554205009e-02
1.183035700414319935e-02
1.178082859178599534e-02
9.649454878641628222e-03
2.073777989176890657e-02
8.494115514319538346e-03
9.044694271782005579e-03
7.796526842006234505e-03
1.636504897500204100e-02
8.551556158279372336e-03
1.525377553861176176e-02
6.733528031751522328e-03
6.749472083905241546e-03
1.283498218329856902e-02
7.720953391947544750e-03
1.243058133515941889e-02
5.937108407218994605e-03
1.120612309734837948e-02
5.027951510019044480e-03
1.023983444789411390e-02
9.263178471527888300e-03
5.169774581942115400e-03
7.581924582323699979e-03
8.643642748536673609e-03
7.359950790686609588e-03
3.749697914311482614e-03
5.791017798693000491e-03
7.861702239931524228e-03
5.734972164182216940e-03
6.089327667022608435e-03
5.524574333432529828e-03
5.422287924222777764e-03
4.692944061786566423e-03
4.701025332530813818e-03
4.567380844411649335e-03
6.129565670966599135e-03
3.277415608296159640e-03
2.952345731720019528e-03
3.113928677118314725e-03
4.923998448359754448e-03
2.916363886750834161e-03
4.375333915224945656e-03
3.090308980739534667e-03
3.111874140453574269e-03
1.894413439004509567e-03
2.921818029568672235e-03
2.569776088605636027e-03
1.206268220739325180e-03
2.188484802670418502e-03
1.443714473503546073e-03
1.416984383454014023e-03
1.119383499037673868e-03
1.364999747443521993e-03
1.241698236916197445e-03
1.154565888468273970e-03
1.101711846380343208e-03
1.050419185892540862e-03
8.187121701122227879e-04
5.952250926005023604e-04
7.594660019238182918e-04
6.880658196877811579e-04
4.783562114155367551e-04
4.971171600753841995e-04
5.963382742162976402e-04
6.651104410695039522e-04
3.655657890227441008e-04
3.331690237628996557e-04
3.270004646950463111e-04
3.209461152873178459e-04
1.938485298278831096e-04
1.189121639713196926e-04
2.100789514800045028e-04
1.374595872904312791e-04
3.148006167076336449e-04
1.324166336101605416e-04
1.732866208461946930e-04
1.913380347156082263e-04
6.259848285532099306e-05
1.433587965470992272e-04
8.040259232740978412e-05
1.775563967586465453e-04
1.549057554935009246e-04
5.701413969050495186e-05
5.595853408704718667e-05
1.098449456281991315e-04
1.796853133740691173e-05
1.058150850434584026e-04
5.192796975865168307e-05
3.397768906198121058e-05
5.002289822914934749e-05
3.273115605922544721e-05
4.818771769576461219e-05
1.576517718758325905e-05
0.000000000000000000e+00
1.518680313681239900e-05
0.000000000000000000e+00
0.000000000000000000e+00
0.000000000000000000e+00
0.000000000000000000e+00
0.000000000000000000e+00
0.000000000000000000e+00
2.664910535747142995e-05
0.000000000000000000e+00
0.000000000000000000e+00
1.259806656723079454e-05
0.000000000000000000e+00
1.213588370016408541e-05
0.000000000000000000e+00
1.169065684785449573e-05
