3.675414708663995444e+00
8.244628747527233958e-01
2.326278088960045842e+00
5.683071602689245688e-02
5.459539275907814293e+00
2.789133327792126860e+00
6.210907817186177571e-01
1.332085023691912617e+00
1.085246166446243388e+00
4.094134485567267667e+00
2.234082852570689059e+00
5.684327067119323118e+00
5.310665343839970909e+00
2.263032189320958398e+00
5.331071062506328673e+00
5.168628126941985812e+00
4.831403461660968901e+00
4.362034069424845839e+00
1.508647829269426754e+00
5.124918997362933659e+00
5.146072280183531689e+00
2.214612528070547093e+00
2.020546918725167007e+00
4.937244312025942605e+00
-1.487906676072272560e-01
2.196687852155261744e+00
2.473634034079605470e+00
5.674697473383998769e+00
3.544976404271261483e+00
4.968944620182877969e+00
2.252909033276338402e+00
4.189699356538405972e+00
1.016436737079190689e+00
5.133584984621497149e+00
2.292050366663893168e+00
2.123001756424441666e+00
1.027957472072001721e+00
5.990445689340704760e+00
3.569683416089385997e+00
2.287606779847195237e-01
3.178957337670629713e+00
1.754588381000018238e+00
5.213944389930960988e+00
3.355070233082454667e+00
2.518530352541759498e+00
1.625041428724543158e+00
2.631317906624952574e+00
4.967552214373255559e+00
2.215989533605887463e+00
3.486011520685745602e+00
5.153715594597747973e+00
9.295416784317650505e-01
4.140243656642907943e+00
4.473386917004785523e+00
4.560630135523184414e+00
5.792279151463262110e+00
7.489349025933690340e-01
2.412226582026472776e+00
1.954406564528697654e+00
5.423156044109484597e+00
5.920678976791439396e+00
1.350042133188772420e+00
1.122920329109024618e+00
1.201010007299109672e+00
2.667609552965405917e-01
4.317758848504225533e+00
2.890214864148064056e+00
1.523141502814669979e-01
2.026404285817305695e+00
2.026403678169971023e+00
1.025054588719483517e+00
5.189318271872848776e+00
