9.702266854583307065e+00
9.271856535070797989e+00
4.141165956294021733e+00
9.314581082257401334e+00
9.626173425639260595e-01
3.208264840058872469e+00
6.438911789474669689e+00
1.435088261997865766e+00
4.163396622835862537e+00
6.643314093485995109e+00
1.519391512613365691e+00
3.119473260899122025e+00
1.052329065525725582e+01
1.381174015378171083e+00
-4.790881067864609100e-01
8.187603803570464578e+00
3.354173989582990512e+00
4.202553774917849871e+00
2.402185045054249457e+00
4.262055617420525522e+00
1.265649011248121667e+02
1.260717045957375575e+02
1.295657773422174728e+02
1.284413820861718420e+02
1.258660671084772105e+02
1.304811185172624448e+02
1.296823623917705106e+02
1.320070878745114840e+02
1.290174910707201263e+02
1.293729143817980400e+02
1.306926485305104677e+02
1.274699050659367856e+02
