-1.865976980458604884e-01
6.979197870725077912e+00
2.675862670877624971e+00
2.053831268691526546e+00
5.484396196886835106e+00
2.147492334799905755e+00
3.107460562321796793e+00
9.976291043966024619e-01
9.686524493738604136e-01
4.813487970918797210e+00
3.656909542000396307e+00
2.817447672482469301e+00
4.086710167491081069e-01
4.780923830372315386e+00
5.435612408041472499e+00
6.150867156549303161e+00
1.405435255977069087e+00
3.484187594419126288e+00
3.246825849161182109e+00
4.026457269318559185e+00
1.328850225694328202e+00
9.366960924056634274e-01
5.993404603196184510e+00
1.402068797239470310e+00
3.625766498602186250e+00
4.644975603185787172e+00
6.777024702944051127e-01
4.046217425980414895e+00
5.636328293680145762e+00
4.086907143244435936e+00
2.940466579569892769e+00
4.472941225309647884e+00
