5.464759636790147423e-01
1.964409250549957742e+00
9.149944964054842478e-01
1.564258977774694248e+00
2.134581909690681290e+00
1.194952198404029220e+00
3.076996077160440546e+00
3.763831200198267446e+00
1.520750329808548962e+00
5.656695714197280900e+00
6.335031956329670422e+00
3.454439595876405700e-01
1.938327834842930475e+00
6.029556899450907892e+00
1.159368291346995594e+00
2.922181621665232765e+00
3.571480410666585392e+00
1.412166380064323823e+00
8.894441996029586184e-01
6.118163108139173190e+00
5.217610077436440896e+00
3.314540383258468115e+00
2.072185247179489653e-01
3.072971251465052567e-01
2.832453789078736683e+00
5.087157944303326573e+00
9.197410520437004910e-01
4.874121293863209914e+00
1.912404709769068845e+00
4.342073032655004106e+00
1.149624456890514956e+00
5.624985750908110482e+00
