-2.123312136672840023e+00
4.917486321347782074e-01
1.697245676318520080e-01
6.042218226780643242e+00
-1.204691285541845680e+00
9.693772869134615888e-01
3.783827100049735215e+00
4.624777052652683018e+00
5.842690391501204061e-01
5.178098151725539111e+00
5.211967612820471718e-01
1.869460648010112580e+00
4.187181791272842624e+00
2.183242606337034264e+00
3.603559334959636651e+00
1.219880384244283356e+00
5.181840927863384572e+00
1.125485049951733263e+00
2.418277956743456247e+00
4.681701512470290538e+00
2.882818716638287260e+00
3.871322690016105739e-01
2.472271351440827214e+00
3.718247441964237066e+00
1.266935525005012497e+00
4.565598519330316130e+00
4.953952059274021602e-01
3.706783615615359295e+00
4.968144774263131502e+00
2.986874503721307583e+00
6.007662394848567011e+00
5.480002821848019678e+00
