2.122000940905810484e+00
2.618085290884863969e+00
1.004920422101678090e+00
4.493962697418194985e+00
1.699348362760640496e+00
2.796114765633376464e+00
4.300117306673176820e+00
5.401792448510605027e+00
3.182185936972896645e+00
2.488640196487665879e+00
5.903632086797072631e+00
2.967404247974327891e+00
5.135295744060273115e+00
7.856902556492570966e-01
5.610944971060008335e+00
4.139321768399978896e-01
9.574143655012393728e-01
3.097387529316801391e+00
3.388342622958001371e+00
5.156307074349832043e+00
5.087461870360222349e+00
1.075974883151126563e-02
3.058174753143244384e+00
1.395504664446991283e+00
1.891966446124476509e+00
8.915741420478856538e-01
2.775978262392049256e+00
5.347644841712527963e+00
5.598367262241917608e+00
5.477237313680318742e+00
2.646722349426384291e+00
3.560787526960170535e+00
3.454796427621549260e-01
1.532747902000313189e+00
2.468395794467199256e+00
3.986507614298986923e-02
3.575650876934390432e+00
3.014661798276002003e+00
1.688517021132239337e+00
4.213812299908249237e+00
1.523245434078026150e+00
6.144062943855255199e+00
4.531230873611330701e+00
1.039293798648630363e+00
3.530558159263292417e+00
1.438318494957774751e+00
1.921897026793840890e+00
5.740654937767183164e+00
5.821360658826146839e+00
6.837856602607601531e-01
1.291667569673703664e+00
1.099979136758858056e+00
1.549972712829413179e+00
7.406435926117774793e-01
3.558259761100198926e+00
3.933053453407659106e+00
5.706226488595762536e-01
2.015153805961586109e+00
1.163036476988116713e-01
3.489452532692677078e+00
2.026790712764019897e+00
3.553688321139500950e+00
1.475585759090500604e+00
6.028727279859041666e+00
1.502034080814431460e+00
1.982233380603070083e+00
1.132818059118379406e+00
1.357573920495870556e+00
1.814167229213598853e+00
4.757054662862347350e+00
3.816777094238362616e-02
4.879385173419551691e+00
