7.048920810837658202e+00
6.882351854321816731e+00
4.909860545317670244e+00
-8.853094800993933644e-01
1.094047608356307322e+00
4.303851824175910501e-01
4.399388118674069759e+00
8.981819620327351927e+00
3.629210734035102970e+00
2.855862180155380070e+00
1.900887885686028511e+00
4.637743413596573383e+00
6.940205932125030230e+00
2.367008604346693801e+00
6.272956338870419479e+00
2.553949448515376197e+00
3.733379286526540053e+00
4.468366294482138734e+00
6.223151685011670153e+00
1.001927984577347108e-01
2.032727630241918604e+00
2.077257070028151631e+00
7.632906545439352985e-01
3.382000214521281301e+00
7.728605842400647630e-01
-9.586090899899680773e-01
1.644350617976450435e+00
2.503105048547622502e+00
4.648033564606061097e-01
2.423393448051053944e+00
2.223584927842037207e+00
1.084347557653568828e+00
2.852532223257683075e+00
1.966771433239264955e+00
5.256735877123592360e+00
1.872952711001678150e+00
5.145865310097422762e-01
1.375441117767658206e+00
6.992569845752450997e-01
2.740706889005994906e+00
5.138794695384191896e-02
1.082568779191174002e+00
1.326539001442872632e+02
1.383244340036351900e+02
1.334795431661286784e+02
1.367365623420252518e+02
1.335021261356918103e+02
1.354693541409691875e+02
1.332162323790282130e+02
1.324613770259817898e+02
1.340751612569630993e+02
1.323921568996902352e+02
1.367660196743905772e+02
1.345635454160214408e+02
1.334089634015207366e+02
1.347878418100518729e+02
1.340885418654721093e+02
1.360592441082603159e+02
1.374248144985431850e+02
1.357555995605911789e+02
1.335972809521532554e+02
1.353407259512813994e+02
1.375671735312144506e+02
1.347755299716312720e+02
1.343009474350757841e+02
1.384289954619820264e+02
1.344590853985093304e+02
1.366506841816851079e+02
1.345552716599713676e+02
1.357599674773862262e+02
1.375220817190780167e+02
1.351206474533697133e+02
