1.895336641535483535e+00
4.238071771978330737e+00
5.882160673578580301e-01
2.066885554571905370e+00
6.357840033677597091e+00
2.154454801448789425e+00
4.217802705498669091e+00
3.803194590092949579e+00
2.990482022595999378e+00
4.082640450021985501e+00
3.670796787976355890e+00
1.125280319662974593e+00
4.437778096534858108e+00
2.314532415095356566e+00
2.220957476055622770e+00
5.621477283873594910e-01
2.003021037121594627e+00
1.871635841375010711e+00
4.078249817430951829e+00
4.753489700452718125e+00
5.519310807925158713e+00
8.147465380056285733e-01
5.419688597828339560e+00
6.069650083121243433e+00
5.314882813264002692e+00
4.825839865895571457e+00
8.083598828052929175e-01
4.275922750915017723e+00
4.046804801488354641e+00
2.024260942420715192e+00
1.732266035522005643e+00
5.655421410084820799e+00
3.232171420202648804e+00
5.645432171352239514e+00
5.192692576042696295e+00
3.967099605894305103e+00
3.368716467314629703e+00
5.910691061571509586e+00
1.871383175934595355e+00
9.848856513519943512e-01
6.144013639167933860e+00
4.925775834658749908e+00
2.304158358534915241e+00
5.474203937318988800e+00
4.189663005874129986e+00
2.848357173813393040e+00
8.729888604315325651e-01
3.565295419705642566e+00
2.009705143027547436e+00
5.460693410015424298e+00
4.486772420422170171e+00
4.289369221720351177e+00
6.023878177974746784e+00
7.874485700410979172e-01
4.181885736722702696e+00
5.561971522979848537e+00
2.802813777099673054e-01
6.229808505220101544e+00
3.818102153598520676e+00
1.940888666593393319e+00
1.093059467493686876e+00
2.648103722780958513e+00
2.672691143288154159e+00
4.423546980480145940e+00
3.908050153595720388e+00
5.477123369224141669e-01
1.892890505980874494e+00
2.049317840327458118e+00
5.913438924828997578e+00
5.921329395375110050e-01
4.315246795347548847e+00
6.782642949083099726e-01
