7.890286839536126706e+01
8.074007890170601343e+01
8.262006785848312518e+01
8.454383133871476730e+01
8.651238860844333090e+01
8.852678266676828400e+01
9.058808079845755401e+01
9.269737513942621376e+01
9.485578325538193667e+01
9.706444873394383421e+01
9.932454179054867893e+01
1.016372598884651381e+02
1.040038283732447866e+02
1.064255011219459135e+02
1.089035612074742545e+02
1.114393215783924092e+02
1.140341257545582891e+02
1.166893485389612835e+02
1.194063967461327849e+02
1.221867099475177270e+02
1.250317612342016389e+02
1.279430579973971902e+02
1.309221427271040170e+02
1.339705938293651855e+02
1.370900264625522880e+02
1.402820933931238869e+02
1.435484858713095093e+02
1.468909345271831057e+02
1.503112102876014831e+02
1.538111253144931254e+02
1.573925339649942146e+02
1.610573337739414228e+02
1.648074664592412262e+02
1.686449189506486732e+02
1.725717244425007380e+02
1.765899634709620614e+02
1.807017650163538178e+02
1.849093076311493746e+02
1.892148205942351069e+02
1.936205850920476905e+02
1.981289354272128662e+02
2.027422602553273521e+02
2.074630038505381719e+02
2.122936674005905502e+02
2.172368103320299895e+02
2.222950516662611733e+02
2.274710714071823929e+02
2.327676119611292620e+02
2.381874795898820310e+02
2.437335458975047118e+02
2.494087493518050564e+02
2.552160968412200646e+02
2.611586652679534950e+02
2.672396031782089381e+02
2.734621324303807910e+02
2.798295499020891270e+02
2.863452292369617567e+02
2.930126226320892329e+02
2.998352626670991299e+02
3.068167641758200830e+02
3.139608261615265974e+02
3.212712337567787131e+02
3.287518602288954526e+02
3.364066690321253077e+02
3.442397159075998729e+02
3.522551510321835053e+02
3.604572212173584376e+02
3.688502721593098954e+02
3.774387507414019751e+02
3.862272073902670968e+02
3.952202984867537339e+02
4.044227888330140672e+02
4.138395541770347563e+02
4.234755837959498876e+02
4.333359831395068227e+02
4.434259765350818157e+02
4.537509099556814363e+02
4.643162538523941407e+02
4.751276060527964091e+02
4.861906947268445833e+02
4.975113814218255470e+02
5.090956641679771337e+02
5.209496806564187636e+02
5.330797114910795926e+02
5.454921835163449941e+02
5.581936732221878401e+02
5.711909102285837889e+02
5.844907808510597533e+02
5.981003317492668430e+02
6.120267736605043183e+02
6.262774852201802105e+02
6.408600168712265486e+02
6.557820948645443195e+02
6.710516253525984212e+02
6.866766985783264090e+02
7.026655931615856616e+02
7.190267804854079259e+02
7.357689291843861383e+02
7.529009097375677584e+02
7.704317991682958109e+02
7.883708858534798765e+02
8.067276744448496402e+02
8.255118909047962461e+02
8.447334876594708248e+02
8.644026488718714063e+02
8.845297958377094574e+02
9.051255925069156092e+02
9.262009511337130334e+02
9.477670380582457028e+02
9.698352796228355146e+02
9.924173682259868201e+02
1.015525268517365248e+03
1.039171223737015907e+03
1.063367762202187350e+03
1.088127703945205212e+03
1.113464167505893784e+03
1.139390576882165988e+03
1.165920668642444070e+03
1.193068499203700185e+03
1.220848452278953346e+03
1.249275246498179285e+03
1.278363943206672502e+03
1.308129954444986879e+03
1.338589051114683343e+03
1.369757371334211257e+03
1.401651428989360966e+03
1.434288122482797917e+03
1.467684743687329046e+03
1.501858987107644680e+03
1.536828959255382642e+03
1.572613188242485649e+03
1.609230633597935139e+03
1.646700696313065919e+03
1.685043229120776232e+03
1.724278547014082960e+03
1.764427438009601246e+03
1.805511174161640838e+03
1.847551522832762657e+03
1.890570758226758926e+03
1.934591673190181154e+03
1.979637591288654903e+03
2.025732379164380291e+03
2.072900459181383667e+03
2.121166822365193639e+03
2.170557041643816774e+03
2.221097285397021096e+03
2.272814331321108511e+03
2.325735580616521929e+03
2.379889072505792683e+03
2.435303499089551678e+03
2.492008220548428199e+03
2.550033280698943145e+03
2.609409422911590809e+03
2.670168106399578392e+03
2.732341522886834809e+03
2.795962613664122273e+03
2.861065087042300092e+03
2.927683436211963453e+03
2.995852957518951371e+03
3.065609769165375837e+03
3.136990830346096573e+03
3.210033960830789511e+03
3.284777861001957262e+03
3.361262132359527186e+03
3.439527298502874146e+03
3.519614826601415189e+03
3.601567149365121622e+03
3.685427687526603677e+03
3.771240872846691218e+03
3.859052171655669554e+03
3.948908108942674517e+03
4.040856293005978841e+03
4.134945440677272018e+03
4.231225403133254076e+03
4.329747192308234844e+03
4.430563007921763528e+03
4.533726265135548601e+03
4.639291622854380876e+03
4.747315012686000955e+03
4.857853668575316078e+03
4.970966157128605118e+03
5.086712408643811614e+03
5.205153748863375768e+03
5.326352931466394693e+03
5.450374171317360378e+03
5.577283178489054990e+03
5.707147193077682459e+03
5.840035020828629058e+03
5.976017069591741347e+03
6.115165386625482824e+03
6.257553696769659837e+03
6.403257441507001204e+03
6.552353818934241644e+03
6.704921824663951156e+03
6.861042293678700844e+03
7.020797943159791430e+03
7.184273416313248163e+03
7.351555327216246042e+03
7.522732306707785938e+03
7.697895049347890563e+03
5.506589473468238296e-05
0.000000000000000000e+00
0.000000000000000000e+00
0.000000000000000000e+00
0.000000000000000000e+00
0.000000000000000000e+00
4.796278944235503273e-05
4.687141398328023860e-05
0.000000000000000000e+00
4.476259950986640845e-05
4.374404318406652502e-05
0.000000000000000000e+00
0.000000000000000000e+00
4.082533790792314206e-05
0.000000000000000000e+00
3.898854536966173015e-05
0.000000000000000000e+00
0.000000000000000000e+00
3.638713807402605809e-05
7.111832452465110849e-05
0.000000000000000000e+00
3.395930278149120890e-05
9.955971438032308542e-05
2.270199634704940766e-04
0.000000000000000000e+00
6.194457097453699409e-05
1.816051358097336239e-04
1.183151855983169019e-04
8.671722562163154278e-05
1.412400122695776027e-04
2.484470668513948642e-04
2.427937461251947139e-04
1.581793764082166528e-04
2.576334390836258542e-04
1.007084343477405395e-04
1.722294898275200778e-04
2.885322372980755391e-04
2.114750950553228833e-04
1.377753718766315137e-04
2.468406315156884993e-04
3.289416335848379899e-04
2.143044592603288905e-04
4.816844940432537538e-04
4.093251672104472453e-04
4.400122375716118933e-04
4.690908245871228902e-04
6.685245541140054240e-04
3.919875157160184463e-04
4.013093180283884304e-04
3.921776735538622170e-04
5.051982123395507788e-04
6.809691236719405457e-04
6.155633798787693524e-04
7.641392918624690311e-04
6.196449331453755642e-04
9.160811135342199077e-04
6.069396800360779293e-04
8.303805902710580805e-04
1.014356985456783778e-03
9.063091830971672013e-04
9.410418576551754944e-04
7.032455527215504066e-04
1.017648971649845989e-03
9.557462766091414557e-04
8.835122129088265625e-04
1.011421058492838372e-03
9.642990711962413442e-04
1.154387084897678939e-03
9.554480933753565098e-04
9.449567115513198695e-04
1.143324708887156474e-03
1.299945791880655066e-03
1.217871545072078329e-03
1.210679318870030085e-03
9.926266551202795642e-04
1.156209059636831337e-03
1.196927915182487492e-03
1.244552570007060330e-03
1.033341022215776648e-03
1.251114003090975828e-03
1.406042173945717781e-03
9.985319264772130748e-04
1.284400412985589515e-03
1.206271461559105251e-03
9.398725533394005748e-04
1.167567079426702192e-03
1.201852832157969267e-03
1.226540154208270207e-03
1.104193119167213915e-03
1.292041486223475611e-03
1.026763468084392842e-03
9.356025597944562372e-04
1.159455235033008888e-03
1.139546960452008251e-03
1.018706453481454943e-03
9.522424201378918785e-04
1.039342945322751675e-03
1.068839813710639264e-03
9.521856106247210665e-04
8.797633999559261115e-04
9.424124711885876072e-04
7.917095271363652981e-04
8.263267478413886986e-04
6.995112266725076865e-04
7.238055266756726917e-04
6.631271257099816043e-04
7.872460588142885267e-04
6.802025746148815865e-04
6.876463631123555954e-04
6.361592668353375363e-04
5.822812110402920439e-04
5.818669180203292447e-04
4.975484083692654873e-04
4.331096570489426957e-04
4.551981365523786994e-04
4.877634561711737503e-04
4.232781469464104657e-04
3.465687812924596084e-04
3.568914867217398115e-04
3.416527871026427891e-04
3.304007026976119661e-04
3.296800849523367247e-04
2.524283878085215320e-04
2.239635352445605977e-04
1.903194158141272897e-04
2.262863346397711833e-04
2.120494400010554902e-04
1.953829432544947693e-04
1.938300629656977388e-04
1.696294315313508260e-04
1.381413140181982080e-04
1.538976740889748862e-04
1.635884028064015893e-04
1.082963289902081310e-04
1.033122746709014912e-04
8.864907122964065954e-05
8.663189454048883357e-05
7.525388262903136478e-05
9.422505774148052864e-05
6.737634259779255611e-05
7.462231480704315000e-05
6.434498095620731523e-05
4.611261219695245574e-05
4.096666984899188086e-05
3.202759079416997077e-05
3.129881486157086939e-05
3.058662195462485468e-05
2.054981137876769702e-05
2.190786333120365467e-05
2.140935803827799196e-05
2.789626139751641025e-05
1.022305962406668571e-05
2.497609424861166105e-05
1.627184833385580365e-05
7.950794234413556438e-06
1.398577835655165714e-05
9.111691443164368357e-06
1.187247771827508846e-05
5.801161948778037951e-06
7.086448329179209207e-06
8.310238595458264304e-06
6.767618502389589204e-06
6.613623857045490030e-06
3.877879981594866028e-06
2.526426841976133819e-06
1.234469468785240403e-06
2.412759149077295512e-06
2.357857710804492858e-06
2.304205534367678219e-06
0.000000000000000000e+00
2.200535907879924784e-06
0.000000000000000000e+00
1.050765265868087494e-06
0.000000000000000000e+00
1.003489777195788999e-06
0.000000000000000000e+00
1.916682565833535446e-06
9.365345829780098974e-07
0.000000000000000000e+00
0.000000000000000000e+00
8.740467965352693876e-07
0.000000000000000000e+00
8.347221340526729140e-07
8.157283419308262937e-07
0.000000000000000000e+00
0.000000000000000000e+00
0.000000000000000000e+00
0.000000000000000000e+00
7.270489683558251514e-07
0.000000000000000000e+00
0.000000000000000000e+00
0.000000000000000000e+00
0.000000000000000000e+00
0.000000000000000000e+00
0.000000000000000000e+00
0.000000000000000000e+00
0.000000000000000000e+00
0.000000000000000000e+00
0.000000000000000000e+00
0.000000000000000000e+00
7.786829266931420079e+02
8.025853528992104202e+02
8.272214872154114573e+02
8.526138515224213279e+02
8.787856590318440340e+02
9.057608355072843551e+02
9.335640411368221976e+02
9.622206930768813891e+02
9.917569886881059347e+02
1.022199929484484528e+03
1.053577345817614969e+03
1.085917922318678393e+03
1.119251224121375117e+03
1.153607723889804902e+03
1.189018829675989309e+03
1.225516913632510978e+03
1.263135341606511474e+03
1.301908503642109054e+03
1.341871845419116653e+03
1.383061900656800617e+03
1.425516324512303981e+03
1.469273928004268782e+03
1.514374713493125228e+03
1.560859911250478717e+03
1.608772017151032742e+03
1.658154831521501137e+03
1.709053499182026144e+03
1.761514550716703070e+03
1.815585945010948308e+03
1.871317113094592287e+03
1.928759003330774476e+03
1.987964127991959685e+03
2.048986611265648207e+03
2.111882238733668146e+03
2.176708508370283198e+03
2.243524683105736131e+03
2.312391845003278377e+03
2.383372951099221609e+03
2.456532890957051222e+03
2.531938545988215992e+03
2.609658850593831630e+03
2.689764855183187137e+03
2.772329791126658165e+03
2.857429137702422395e+03
2.945140691098169100e+03
3.035544635530874530e+03
3.128723616549674261e+03
3.224762816588835449e+03
3.323750032839902815e+03
3.425775757514204088e+03
3.530933260569089725e+03
3.639318674973540510e+03
3.751031084591073068e+03
3.866172614760308534e+03
3.984848525655999310e+03
4.107167308515851801e+03
4.233240784821136003e+03
4.363184208521733126e+03
4.497116371399080890e+03
4.635159711663337475e+03
4.777440425884049546e+03
4.924088584356621141e+03
5.075238250010082993e+03
5.231027600964849626e+03
5.391599056852493959e+03
5.557099409013047079e+03
5.727679954688818725e+03
5.903496635337423868e+03
6.084710179190469717e+03
6.271486248188226455e+03
6.463995589424579521e+03
6.662414191240744913e+03
6.866923444110435412e+03
7.077710306463532106e+03
7.294967475599901263e+03
7.518893563849565908e+03
7.749693280140277238e+03
7.987577617138478672e+03
8.232764044134757569e+03
8.485476705850083817e+03
8.745946627344614171e+03
9.014411925216361851e+03
9.291118025282808958e+03
9.576317886944492784e+03
9.870272234435604332e+03
1.017324979517307111e+04
1.048552754542205003e+04
1.080739096350226100e+04
1.113913429076676402e+04
1.148106080059181113e+04
1.183348307562350055e+04
1.219672329353483292e+04
1.257111352155435270e+04
1.295699602003562723e+04
1.335472355534509370e+04
1.376465972235427762e+04
1.418717927683125527e+04
1.462266847803516976e+04
1.507152544182702331e+04
1.553416050461957093e+04
1.601099659849891395e+04
1.650246963786098786e+04
1.700902891791607908e+04
1.753113752542583097e+04
1.806927276204834561e+04
1.862392658067815137e+04
1.919560603518007338e+04
1.978483374392816040e+04
2.039214836757334342e+04
2.101810510147666719e+04
2.166327618325821823e+04
2.232825141592575164e+04
2.301363870706129455e+04
2.372006462455855217e+04
2.444817496941928403e+04
2.519863536613204997e+04
2.597213187117350390e+04
2.676937160018793293e+04
2.759108337441881667e+04
2.843801838698322899e+04
2.931095088959805798e+04
3.021067890038620681e+04
3.113802493340931687e+04
3.209383675059435336e+04
3.307898813674127450e+04
3.409437969832029194e+04
3.514093968678903911e+04
3.621962484718216001e+04
3.733142129274929903e+04
3.847734540644090157e+04
3.965844477006582019e+04
4.087579912197071826e+04
4.213052134411596489e+04
4.342375847945097485e+04
4.475669278051890433e+04
4.613054279024899733e+04
4.754656445592540695e+04
4.900605227734991786e+04
5.051034049024879641e+04
5.206080428600546293e+04
5.365886106883408502e+04
5.530597175154322031e+04
5.700364209107425268e+04
5.875342406503549137e+04
6.055691729049023706e+04
6.241577048629600176e+04
6.433168298033167230e+04
6.630640626299011637e+04
6.834174558835748758e+04
7.043956162454163132e+04
7.260177215465887275e+04
7.483035383003491734e+04
7.712734397722130234e+04
7.949484246048015484e+04
8.193501360143988859e+04
8.445008815767632041e+04
8.704236536202843126e+04
8.971421502451295964e+04
9.246807969875902927e+04
9.530647691494392348e+04
9.823200148127043212e+04
1.012473278560912149e+05
1.043552125928468740e+05
1.075584968600542197e+05
1.108601090386479482e+05
1.142630673990502837e+05
1.177704828604158538e+05
1.213855618345737748e+05
1.251116091572684818e+05
1.289520311093765340e+05
1.329103385308633151e+05
1.369901500303254579e+05
1.411951952930534026e+05
1.455293184906377573e+05
1.499964817952376034e+05
1.546007690017213463e+05
1.593463892609945033e+05
1.642376809279239387e+05
1.692791155273786862e+05
1.744753018420122680e+05
1.798309901255228615e+05
1.853510764452443982e+05
1.910406071580369317e+05
1.969047835235694947e+05
2.029489664592109038e+05
2.091786814408786595e+05
2.155996235543219664e+05
2.222176627014601254e+05
2.290388489665338420e+05
2.360694181469761534e+05
2.433157974540586292e+05
2.507846113885246741e+05
2.584826877965797612e+05
2.664170641117788618e+05
2.745949937885118998e+05
2.830239529329727520e+05
2.917116471376718837e+05
3.006660185257408884e+05
3.098952530114692054e+05
3.194077877837084234e+05
4.247401367054087890e-06
0.000000000000000000e+00
0.000000000000000000e+00
0.000000000000000000e+00
0.000000000000000000e+00
3.651492532778583489e-06
0.000000000000000000e+00
0.000000000000000000e+00
0.000000000000000000e+00
0.000000000000000000e+00
0.000000000000000000e+00
3.045698813291562449e-06
5.909984918594969373e-06
5.733975005274931155e-06
0.000000000000000000e+00
0.000000000000000000e+00
0.000000000000000000e+00
0.000000000000000000e+00
4.929500441683566806e-06
4.782691108427446180e-06
0.000000000000000000e+00
4.502058961640434998e-06
4.367979599592216369e-06
0.000000000000000000e+00
2.055840661124353628e-06
3.989228103992351450e-06
1.354647616499240514e-05
7.510307368150857789e-06
7.286636992154487983e-06
1.237184885948118943e-05
6.859081765273168897e-06
9.982209077421088568e-06
6.456614033793367185e-06
4.698243396357162082e-06
1.215552349658207979e-05
8.845132711692559543e-06
2.145427212834746927e-05
1.526457207796220292e-05
1.615632637126839579e-05
2.481900665361466151e-05
1.394096710857089483e-05
8.607314667954278013e-06
1.073696586939834904e-05
2.083439967297149388e-05
2.133690923810950999e-05
1.416415543758801438e-05
1.797072821240541115e-05
2.461486278860062653e-05
1.791134113693255032e-05
1.834334879671823711e-05
2.529054628003278918e-05
3.453404619472047151e-05
2.909693418711221626e-05
1.796478439915878499e-05
2.489965858960971744e-05
2.576864240601503563e-05
2.421991848777262091e-05
2.956276242342865019e-05
2.500510866133367642e-05
2.925520250783382237e-05
2.561476636076860945e-05
3.291199267909683827e-05
3.975185097314901556e-05
3.477439900528240331e-05
3.741934673558696756e-05
3.273395482336781181e-05
4.099808398839870397e-05
3.641564373733085244e-05
3.641823219280057280e-05
4.113467623514309402e-05
3.683964190166533664e-05
3.673533851209622250e-05
5.249866348649020683e-05
4.813138921562388638e-05
4.080403435053744709e-05
4.706670499056704962e-05
4.609174985904134544e-05
4.347685919513040231e-05
4.338724178631043842e-05
5.339840397333746059e-05
4.348855450989233637e-05
4.439478177033830695e-05
4.271665371170392501e-05
3.764539850659342270e-05
3.886984537596690511e-05
4.291391907193781147e-05
3.974332650783221410e-05
4.406822767355070617e-05
3.028535627477987950e-05
4.061823527061533682e-05
3.801108526065028462e-05
3.742138613693060992e-05
3.288669418253337921e-05
3.752294911312091150e-05
3.591013640054614502e-05
3.460038788777508909e-05
3.613429588322723796e-05
3.189160921313173396e-05
3.291682988663568370e-05
2.810412691942870277e-05
3.201822763396920739e-05
2.946132990926635318e-05
2.586164086490753045e-05
2.886458309672324950e-05
2.965229388501623042e-05
2.557261829150476824e-05
2.188194126312741403e-05
2.290193179835948290e-05
2.157111597105929447e-05
2.234491669988943695e-05
2.290082233656424835e-05
1.836753713268442583e-05
1.810794677665371054e-05
1.910243164245841387e-05
1.799240220941491629e-05
1.732530401211476926e-05
1.846478936895716691e-05
1.581451029266363212e-05
1.378519906168320115e-05
1.337465119644129784e-05
1.478173264024180344e-05
1.204248614229400537e-05
1.072788888747858743e-05
1.092366017258280617e-05
9.998428348733565029e-06
8.439571836310381204e-06
8.752931565972972057e-06
9.953286501472495424e-06
8.593719307818351811e-06
7.134391628875057408e-06
6.671726935363375426e-06
7.120334081720683267e-06
6.123246238167478213e-06
6.093215406774206472e-06
4.581605135583639572e-06
4.731941052522342994e-06
4.104089516159176863e-06
3.374459657166436180e-06
4.387109371682711205e-06
2.922341149816832451e-06
2.527122889300829930e-06
2.810669529200618000e-06
3.365188095861136573e-06
2.195408696919657523e-06
2.403105694842409021e-06
2.331536912371036536e-06
1.336695204089038427e-06
1.596167423929616914e-06
1.161473029006634928e-06
1.079928857795073821e-06
1.047766646339302632e-06
1.325950803941263072e-06
9.005231334637157598e-07
7.072841460463325658e-07
7.669517201168817731e-07
5.091282554390991566e-07
3.799734662060274304e-07
6.267172013864859939e-07
8.226591876526054792e-07
6.593486786370441161e-07
4.040286925806719148e-07
4.899949950341748376e-07
2.218542985648174163e-07
3.689949960875183443e-07
1.193352218762603325e-07
3.762889184939746155e-07
1.684995516877410355e-07
1.634813338926824613e-07
1.057417117281475903e-07
1.538888018537451823e-07
1.741900046849325609e-07
1.690023150295252108e-07
4.684832115531405574e-08
1.136327360576112017e-07
2.204971001821813926e-08
4.278606049238378203e-08
1.245354454284144377e-07
0.000000000000000000e+00
7.815208431433458608e-08
1.895614389212058753e-08
5.517478814462427946e-08
5.353158434419036136e-08
6.924975745291499538e-08
1.679684397785210148e-08
3.259320788906660247e-08
0.000000000000000000e+00
1.534037431426602892e-08
0.000000000000000000e+00
0.000000000000000000e+00
0.000000000000000000e+00
4.077884332145698775e-08
0.000000000000000000e+00
0.000000000000000000e+00
1.241429087271328651e-08
0.000000000000000000e+00
0.000000000000000000e+00
0.000000000000000000e+00
0.000000000000000000e+00
0.000000000000000000e+00
1.035472225109862064e-08
1.205556341554801838e+04
1.250275912983896342e+04
1.296654336844742647e+04
1.344753147523793632e+04
1.394636161997950694e+04
1.446369564506232200e+04
1.500021994362298574e+04
1.555664637024345029e+04
1.613371318543189955e+04
1.673218603513873313e+04
1.735285896660725484e+04
1.799655548190688569e+04
1.866412963054672218e+04
1.935646714261908710e+04
2.007448660397656931e+04
2.081914067500169040e+04
2.159141735458629410e+04
2.239234129099770871e+04
2.322297514137086182e+04
2.408442098163017727e+04
2.497782176871187767e+04
2.590436285702676832e+04
2.686527357117553402e+04
2.786182883700318052e+04
2.889535087315675628e+04
2.996721094539058686e+04
3.107883118594673579e+04
3.223168648042451969e+04
3.342730642464261473e+04
3.466727735409012530e+04
3.595324444865912665e+04
3.728691391545145598e+04
3.867005525255564135e+04
4.010450359679761459e+04
4.159216215858027135e+04
4.313500474704220687e+04
4.473507838888618426e+04
4.639450604435175774e+04
4.811548942393579637e+04
4.990031190959789092e+04
5.175134158432664117e+04
5.367103437408628815e+04
5.566193730631248036e+04
5.772669188928049698e+04
5.986803761682952609e+04
6.208881560309325141e+04
6.439197235205901234e+04
6.678056366695716861e+04
6.925775870466741617e+04
7.182684418052162800e+04
7.449122872908174759e+04
7.725444742667903483e+04
8.012016648171463748e+04
8.309218809894497099e+04
8.617445552420541935e+04
8.937105827626590326e+04
9.268623757275966636e+04
9.612439195738462149e+04
9.969008313584302959e+04
1.033880420282628766e+05
1.072231750461310148e+05
1.112005706020663929e+05
1.153255058610703272e+05
1.196034537422114372e+05
1.240400901800349529e+05
1.286413016553306079e+05
1.334131930052512034e+05
1.383620955231437692e+05
1.434945753588405787e+05
1.488174422305549961e+05
1.543377584599412221e+05
1.600628483423056605e+05
1.660003078644019261e+05
1.721580147827030742e+05
1.785441390755229804e+05
1.851671537828543514e+05
1.920358462483056355e+05
1.991593297780526918e+05
2.065470557322737877e+05
2.142088260651112068e+05
2.221548063297969929e+05
2.303955391661979374e+05
2.389419582886750868e+05
2.478054029928166128e+05
2.569976332002913987e+05
2.665308450617846684e+05
2.764176871387176798e+05
2.866712771852207952e+05
2.973052195526265423e+05
3.083336232395743718e+05
3.197711206116761314e+05
3.316328868155789678e+05
3.439346599131841795e+05
3.566927617627357831e+05
3.699241196744842455e+05
3.836462888696566806e+05
3.978774757725325180e+05
4.126365621665290091e+05
4.279431302463447209e+05
4.438174885994021315e+05
4.602806991510593216e+05
4.773546051093431888e+05
4.950618599462786806e+05
5.134259574542687042e+05
5.324712629174009198e+05
5.522230454390414525e+05
5.727075114686042070e+05
5.939518395719830878e+05
6.159842164917755872e+05
6.388338745451454306e+05
6.625311304089422338e+05
6.871074253435366554e+05
7.125953669087421149e+05
7.390287722271685489e+05
7.664427128524119034e+05
7.948735613016084535e+05
8.243590393140935339e+05
8.549382679001933429e+05
8.866518192465541651e+05
9.195417705468770582e+05
9.536517598294791533e+05
9.890270438557526795e+05
1.025714558166341973e+06
1.063762979354707524e+06
1.103222789650696563e+06
1.144146343899817206e+06
1.186587939027073560e+06
1.230603886077534407e+06
1.276252584929212462e+06
1.323594601777384756e+06
1.372692749493160518e+06
1.423612170962911332e+06
1.476420425519142067e+06
1.531187578577476554e+06
1.587986294598684646e+06
1.646891933499096893e+06
1.707982650637317682e+06
1.771339500509902369e+06
1.837046544293578248e+06
1.905190961376695894e+06
1.975863165027891053e+06
2.049156922355420422e+06
2.125169478716338985e+06
2.204001686740576755e+06
2.285758140141107608e+06
2.370547312487747986e+06
2.458481701128699817e+06
2.549677976450809278e+06
2.644257136676559690e+06
2.742344668403193355e+06
2.844070713096956257e+06
2.949570239763378631e+06
3.058983224022674840e+06
3.172454833827869035e+06
3.290135622072051279e+06
3.412181726340312045e+06
3.538755076071383432e+06
3.670023607403854374e+06
3.806161485992002767e+06
3.947349338086886331e+06
4.093774490189278964e+06
4.245631217592427507e+06
4.403121002144390717e+06
4.566452799571953714e+06
4.735843316720806994e+06
4.911517299079821445e+06
5.093707828970911913e+06
5.282656634800115600e+06
5.478614411780201830e+06
5.681841154550343752e+06
5.892606502134170383e+06
6.111190095693872310e+06
6.337881949555050582e+06
6.572982835994552821e+06
6.816804684301846661e+06
7.069670994643399492e+06
7.331917267279161140e+06
7.603891447700656950e+06
7.885954388281251304e+06
8.178480327051152475e+06
8.481857384232334793e+06
8.796488077192220837e+06
9.122789854499321431e+06
9.461195649789441377e+06
9.812154456177309155e+06
1.017613192197572999e+07
1.055361096851268224e+07
1.094509243086607382e+07
1.135109572236624919e+07
1.177215952374792285e+07
1.220884249786590040e+07
1.266172403092286177e+07
1.313140500119263493e+07
1.361850857625894435e+07
1.412368103982734866e+07
1.464759264920740388e+07
1.519093852460275590e+07
1.575443957138902694e+07
1.633884343660320155e+07
1.694492550091355294e+07
0.000000000000000000e+00
2.196021675970587348e-07
0.000000000000000000e+00
0.000000000000000000e+00
0.000000000000000000e+00
1.898292852141052594e-07
0.000000000000000000e+00
3.529852052314261398e-07
5.105395715728506022e-07
1.640929045428095580e-07
4.746710057069131514e-07
3.051287240624363968e-07
4.413224286702721037e-07
2.836915420181423900e-07
1.367722652151242503e-07
0.000000000000000000e+00
2.543263335395029325e-07
2.452296497428221431e-07
0.000000000000000000e+00
0.000000000000000000e+00
4.396913439899441771e-07
2.119822842978574118e-07
6.132004571438448045e-07
3.941784327107901095e-07
3.800795523001860567e-07
1.832424786450725333e-07
6.184090684107364909e-07
6.814742399592570819e-07
4.928245735945638258e-07
7.127960122254475758e-07
8.400344260321273774e-07
7.363529768331889829e-07
4.260091672367231931e-07
8.215435453715355224e-07
9.241852331560513002e-07
7.638250247912125561e-07
9.206308912622829665e-07
1.420323175282077091e-06
1.369521393827422409e-06
9.904025088050045157e-07
1.167195366914661058e-06
1.125447400693451528e-06
1.331827362568635712e-06
9.036898773158619127e-07
1.054812578606196428e-06
1.105526405676743547e-06
1.407099144251772615e-06
1.027856330903919384e-06
1.228954340617680324e-06
1.452577450852880031e-06
1.400622006142533174e-06
1.812546564799156466e-06
1.816253706157843820e-06
1.321728585405447798e-06
1.178869313402944178e-06
1.382477590022638565e-06
1.925486998440068855e-06
1.399603311369873406e-06
1.432167692246685360e-06
1.726177823658653038e-06
1.664436305900225118e-06
1.654284779263272384e-06
1.833191537920839781e-06
1.744666244294694566e-06
1.527318120529672205e-06
1.472689369326291889e-06
1.831612991314995643e-06
1.666881175945858910e-06
1.588126512212810378e-06
1.549772452980631418e-06
1.654448477758174297e-06
1.698193368385509658e-06
1.670532646349262581e-06
1.754316411149540920e-06
1.845347388095561296e-06
1.497614063435417865e-06
1.501237770172202776e-06
1.544044645051930971e-06
1.728091884417889015e-06
1.653464351874261977e-06
1.433655359256753779e-06
1.799473138172486038e-06
1.068643914084641755e-06
1.573330856078763214e-06
1.645258275870494164e-06
1.339178175338806140e-06
1.400540818618079752e-06
1.340868972274329876e-06
1.348319479416672985e-06
1.219950383127948431e-06
1.159142999160197715e-06
1.299823989287263938e-06
1.117621064759638913e-06
1.223898252865527547e-06
1.046523417198190236e-06
9.661515477778204616e-07
1.021303566073396131e-06
9.315428056149555014e-07
8.212330095060335353e-07
9.217737659767786223e-07
8.291527072891878570e-07
7.247227847706251569e-07
9.483728842541384657e-07
7.112402177512568684e-07
6.600187638748807596e-07
7.060188633048785210e-07
5.609129533877733538e-07
6.101901410630115438e-07
6.641392862345990301e-07
6.188950971406317340e-07
5.097313080396779141e-07
5.234667979135555165e-07
4.469484976600291053e-07
4.049558134745682610e-07
4.442060535211492045e-07
3.557801056310623467e-07
3.097483709975664722e-07
3.115153591407338616e-07
3.251461953350730896e-07
2.747001219842090929e-07
2.274467647408857455e-07
2.859377823489236611e-07
2.917712293889763058e-07
2.426193687498653725e-07
1.990990781998540821e-07
2.015766372209332307e-07
1.897389136323421810e-07
1.673344914386753085e-07
1.656519594533712518e-07
1.555782073776363004e-07
1.120100972229494773e-07
1.157183000479453543e-07
1.264565574758944101e-07
1.434511640125679485e-07
9.855316879379880231e-08
7.168789697147220499e-08
1.012743772920752130e-07
6.510134630474857717e-08
6.277281683699472994e-08
6.629210448181930221e-08
4.585635827265757516e-08
4.019652632606434076e-08
2.713115057431310540e-08
3.737247147823621815e-08
3.363335902163195036e-08
2.895568664030553740e-08
2.903680678993728019e-08
2.369080593186423749e-08
1.972842443637709980e-08
2.603117652378724443e-08
1.834238047283609039e-08
1.303202126323168512e-08
1.256589502685902046e-08
7.789140696100370806e-09
1.418657662208040088e-08
8.851217633362932925e-09
1.629338337452783546e-08
8.229364793047417171e-09
8.656384179057346889e-09
7.651200964913779102e-09
6.036164696401339803e-09
5.820264593475858734e-09
1.870695584690535852e-09
5.411354970103978200e-09
1.739267637611170390e-09
1.677057926501219651e-09
3.234146635078510655e-09
2.078978965067968223e-09
1.503463905008275343e-09
3.382606186659027382e-09
1.397836257110741759e-09
8.985591882639080129e-10
1.299629605462736815e-09
4.177149209672500988e-10
2.013870965218765545e-09
3.883678615223945406e-10
7.489536244795754932e-10
3.610826147033965804e-10
0.000000000000000000e+00
0.000000000000000000e+00
1.294826301116854531e-09
0.000000000000000000e+00
3.009641841637320775e-10
0.000000000000000000e+00
0.000000000000000000e+00
2.698110664158407592e-10
5.203210567545670875e-10
0.000000000000000000e+00
0.000000000000000000e+00
0.000000000000000000e+00
0.000000000000000000e+00
0.000000000000000000e+00
0.000000000000000000e+00
2.016104032597959712e-10
1.943992503168359098e-10
0.000000000000000000e+00
0.000000000000000000e+00
0.000000000000000000e+00
0.000000000000000000e+00
1.620327575773956069e-10
