9.090618160196971331e+00
9.274600884301456460e+00
9.462307188273932468e+00
9.653812432706546431e+00
9.849193503395429872e+00
1.004852884220891340e+01
1.025189847858048786e+01
1.045938406163911871e+01
1.067106889298987404e+01
1.088703796015794723e+01
1.110737797070959587e+01
1.133217738706358801e+01
1.156152646200724732e+01
1.179551727493124957e+01
1.203424376879779345e+01
1.227780178785695853e+01
1.252628911612638163e+01
1.277980551664972531e+01
1.303845277154969295e+01
1.330233472289164709e+01
1.357155731437427804e+01
1.384622863386402258e+01
1.412645895679033714e+01
1.441236079041923546e+01
1.470404891902285982e+01
1.500164044996323831e+01
1.530525486070870755e+01
1.561501404680189431e+01
1.593104237079852759e+01
1.625346671219666561e+01
1.658241651837648334e+01
1.691802385657096508e+01
1.726042346688846152e+01
1.760975281640832790e+01
1.796615215437142155e+01
1.832976456848752278e+01
1.870073604238244158e+01
1.907921551420770001e+01
1.946535493643643377e+01
1.985930933686949018e+01
2.026123688087621133e+01
2.067129893489489234e+01
2.108966013121838401e+01
2.151648843409093814e+01
2.195195520714269932e+01
2.239623528218901782e+01
2.284950702942219181e+01
2.331195242902376563e+01
2.378375714422621812e+01
2.426511059585325469e+01
2.475620603836878786e+01
2.525724063746499581e+01
2.576841554922068056e+01
2.628993600086170090e+01
2.682201137315588113e+01
2.736485528447552440e+01
2.791868567656117150e+01
2.848372490202120488e+01
2.906019981360224946e+01
2.964834185526637356e+01
3.024838715511149800e+01
3.086057662017246628e+01
3.148515603314073630e+01
3.212237615104154997e+01
3.277249280590822877e+01
3.343576700749398611e+01
3.411246504806247515e+01
3.480285860929919295e+01
3.550722487138662586e+01
3.622584662428694458e+01
3.695901238127690647e+01
3.770701649478060347e+01
3.847015927454643247e+01
3.924874710821594448e+01
4.004309258433273300e+01
4.085351461784095051e+01
4.168033857812375231e+01
4.252389641963299738e+01
4.338452681516282894e+01
4.426257529182052508e+01
4.515839436974916765e+01
4.607234370365794973e+01
4.700479022721685141e+01
4.795610830037368544e+01
4.892667985965269395e+01
4.991689457149489328e+01
5.092714998870196297e+01
5.195785171004629888e+01
5.300941354311135711e+01
5.408225767042771537e+01
5.517681481897155038e+01
5.629352443309345233e+01
5.743283485094720220e+01
5.859520348448920402e+01
5.978109700312086972e+01
6.099099152104771093e+01
6.222537278843038422e+01
6.348473638640428618e+01
6.476958792604618509e+01
6.608044325136773978e+01
6.741782864641714923e+01
6.878228104657256381e+01
7.017434825411157817e+01
7.159458915814362001e+01
7.304357395899364747e+01
7.452188439712691093e+01
7.603011398670697929e+01
7.756886825388056650e+01
7.913876497988511005e+01
8.074043444907646006e+01
8.237451970197622586e+01
8.404167679344070052e+01
8.574257505605464758e+01
8.747789736885592049e+01
8.924834043149867568e+01
9.105461504396525640e+01
9.289744639193934006e+01
9.477757433795451902e+01
9.669575371843509970e+01
9.865275464674914474e+01
1.006493628223946075e+02
1.026863798464430033e+02
1.047646235433674775e+02
1.068849282893839927e+02
1.090481453474379805e+02
1.112551432089704946e+02
1.135068079426014975e+02
1.158040435498698031e+02
1.181477723281730192e+02
1.205389352410527124e+02
1.229784922959738793e+02
1.254674229297500005e+02
1.280067264017687307e+02
1.305974221951761081e+02
1.332405504261798797e+02
1.359371722616369311e+02
1.386883703450920962e+02
1.414952492314393169e+02
1.443589358303800623e+02
1.472805798588563562e+02
1.502613543026411094e+02
1.533024558872696730e+02
1.564051055585035215e+02
1.595705489725165762e+02
1.628000569960034341e+02
1.660949262164087088e+02
1.694564794624825765e+02
1.728860663353721918e+02
1.763850637504611996e+02
1.799548764901759057e+02
1.835969377679791990e+02
1.873127098037790574e+02
1.911036844109828223e+02
1.949713835954324281e+02
1.989173601664614353e+02
2.029431983603192577e+02
2.070505144762124417e+02
2.112409575252188176e+02
2.155162098923347855e+02
2.198779880119216159e+02
2.243280430568218833e+02
2.288681616414229723e+02
2.335001665389493155e+02
2.382259174132722706e+02
2.430473115655302649e+02
2.479662846958601392e+02
2.529848116805446239e+02
2.581049073648889589e+02
2.633286273721430462e+02
2.686580689287964105e+02
2.740953717065757473e+02
2.796427186814831884e+02
2.853023370102205263e+02
2.910764989243514265e+02
2.969675226425600272e+02
3.029777733013727357e+02
3.091096639047164558e+02
3.153656562926950073e+02
3.217482621299719199e+02
3.282600439141573361e+02
3.349036160046031796e+02
3.416816456720195561e+02
3.485968541693346765e+02
3.556520178242273005e+02
3.628499691537703598e+02
3.701935980016343706e+02
3.776858526983056095e+02
3.853297412447863621e+02
3.931283325202509786e+02
4.010847575141440871e+02
4.092022105832145940e+02
4.174839507339904117e+02
4.259333029312097096e+02
4.345536594327313651e+02
4.433484811514641137e+02
4.523212990448585629e+02
4.614757155325211784e+02
4.708154059425185665e+02
4.803441199869534444e+02
4.900656832674043244e+02
5.490019181870083292e-04
0.000000000000000000e+00
0.000000000000000000e+00
0.000000000000000000e+00
0.000000000000000000e+00
4.966664161314890674e-04
0.000000000000000000e+00
0.000000000000000000e+00
0.000000000000000000e+00
0.000000000000000000e+00
4.493199763809711898e-04
0.000000000000000000e+00
0.000000000000000000e+00
0.000000000000000000e+00
4.147137870344453042e-04
0.000000000000000000e+00
0.000000000000000000e+00
0.000000000000000000e+00
1.148318798610160592e-03
0.000000000000000000e+00
0.000000000000000000e+00
0.000000000000000000e+00
1.059876397061590599e-03
0.000000000000000000e+00
0.000000000000000000e+00
1.996088424102671847e-03
0.000000000000000000e+00
0.000000000000000000e+00
2.819457774427634039e-03
0.000000000000000000e+00
0.000000000000000000e+00
2.949970309632471248e-03
0.000000000000000000e+00
0.000000000000000000e+00
2.222297468961130593e-03
0.000000000000000000e+00
0.000000000000000000e+00
4.970045506902957301e-03
0.000000000000000000e+00
4.523510914218373431e-03
0.000000000000000000e+00
0.000000000000000000e+00
4.022968374019658157e-03
0.000000000000000000e+00
5.456388838654227177e-03
0.000000000000000000e+00
4.586799304754164523e-03
0.000000000000000000e+00
6.924696701502965242e-03
0.000000000000000000e+00
6.451090994758895518e-03
0.000000000000000000e+00
8.909173041871875157e-03
0.000000000000000000e+00
5.954234215199752205e-03
0.000000000000000000e+00
1.144069170652965879e-02
0.000000000000000000e+00
8.758684001236801547e-03
0.000000000000000000e+00
8.084648358645132524e-03
9.703189027631115363e-03
0.000000000000000000e+00
1.336158768027846493e-02
1.005082558848146949e-02
0.000000000000000000e+00
1.375251185276919405e-02
1.606091869377278963e-02
0.000000000000000000e+00
1.115921777057191089e-02
1.174806046680107290e-02
1.270621910863372304e-02
0.000000000000000000e+00
1.309720740258026733e-02
1.308666441481829909e-02
1.075029855238269008e-02
1.173443315998366938e-02
0.000000000000000000e+00
1.288399167786888865e-02
1.161362568216221629e-02
1.392513233730996967e-02
1.213235180806374047e-02
1.443989607299052055e-02
1.404937854394265953e-02
1.315864718407868533e-02
1.339752318207520360e-02
1.273976032652375696e-02
1.114228034090748373e-02
1.129784272009328773e-02
9.874070931945446578e-03
1.257261022608991384e-02
1.179126714974590949e-02
2.059469528948454017e-02
1.013566324151793201e-02
1.060247162265254631e-02
8.673760966938033959e-03
1.066722392565160049e-02
2.075400343711596499e-02
9.400608680798706873e-03
8.760972553746703556e-03
1.843282348313966465e-02
8.924744977579040367e-03
5.974040689455823935e-03
1.435999527931593883e-02
6.764262578598459127e-03
1.312621523428202097e-02
6.235987582380698481e-03
1.325400235272963106e-02
5.991031662278501965e-03
1.118805959260554470e-02
1.351074339600062679e-02
4.691369720738586789e-03
1.082639080502930187e-02
1.038341782640929065e-02
8.387999345406727675e-03
4.220423577524316620e-03
8.703191037097076158e-03
6.582209507781027619e-03
7.174219751739036380e-03
6.323653639125882686e-03
6.099038286015270698e-03
5.832243943062581128e-03
5.621272366198877719e-03
5.182911421594477326e-03
7.368428444518734105e-03
4.082146374349940841e-03
4.001167751171055831e-03
3.964892176567282739e-03
4.815557710808197715e-03
3.105283034153963860e-03
4.301738228477481989e-03
2.585530450132228313e-03
4.015796635204386782e-03
2.140034133290329588e-03
3.108915744446519042e-03
2.569964276212530381e-03
2.878837955935669140e-03
1.587222946037347964e-03
1.659452567863634867e-03
1.999280841519984319e-03
1.793551035482550708e-03
1.237091327634736891e-03
1.404006210307631730e-03
1.845298167711993372e-03
1.134264786408016243e-03
1.021621041165007501e-03
1.472580695434132832e-03
1.183562350876072970e-03
1.386441506811477743e-03
7.210693009527077051e-04
8.970482114146332035e-04
7.460330415116886221e-04
6.790028009859644604e-04
3.327666209289822409e-04
2.759861423661013669e-04
4.426549066930215602e-04
2.892492290634906637e-04
2.598853722552322914e-04
3.242017634741083511e-04
3.177704868782324889e-04
2.892191614245187277e-04
2.834818440083030039e-04
2.351109024705242724e-04
6.284916681163559785e-05
1.642730964702087380e-04
6.038038776410982429e-05
7.891014127371355448e-05
1.160171697254422076e-04
7.581047085170575012e-05
7.430659838140058491e-05
1.274569776011262384e-04
7.138775979557212019e-05
1.749290545515281897e-05
1.371671523024794353e-04
5.041729913470300570e-05
4.941715776446747643e-05
0.000000000000000000e+00
0.000000000000000000e+00
9.306841518425062424e-05
1.520369871381227210e-05
1.490209889936013590e-05
1.460648200062893781e-05
2.863345866586397513e-05
2.806544913191064117e-05
0.000000000000000000e+00
0.000000000000000000e+00
1.321406870762650318e-05
1.295193771270094521e-05
1.269500668003064829e-05
1.244317245657894084e-05
0.000000000000000000e+00
1.195439201597926982e-05
0.000000000000000000e+00
0.000000000000000000e+00
0.000000000000000000e+00
0.000000000000000000e+00
0.000000000000000000e+00
0.000000000000000000e+00
0.000000000000000000e+00
1.018387325996601959e-05
